image: map.pgm
resolution: 0.050000
origin: [-13.087605, 11.288903, 0.000000]
negate: 0
occupied_thresh: 0.65
free_thresh: 0.196

